0 0
1 1
2 2
3 3
4 4
5 5
6 5
7 6
8 7
9 7
10 6
11 7
12 7
13 8
14 7
15 7
16 8
17 9
18 8
19 8
20 9
21 8
22 8
23 9
24 8
25 9
26 8
27 9
28 9
29 10
30 9
31 9
32 10
33 9
34 9
35 9
36 10
37 10
38 9
39 10
40 9
41 10
42 9
43 10
44 10
45 10
46 10
47 10
48 10
49 10
50 10
51 10
52 11
53 11
54 10
55 10
56 10
57 10
58 10
59 11
60 10
61 11
62 10
63 11
64 11
65 10
66 11
67 11
68 11
69 11
70 11
71 11
72 11
73 11
74 10
75 11
76 11
77 11
78 11
79 11
80 11
81 11
82 11
83 11
84 11
85 11
86 11
87 11
88 11
89 11
90 11
91 11
92 12
93 11
94 11
95 11
96 11
97 12
98 11
99 12
100 12
101 12
102 11
103 12
104 11
105 11
106 11
107 12
108 12
109 12
110 11
111 12
112 12
113 12
