> Task :checkKotlinGradlePluginConfigurationErrors SKIPPED
> Task :compileKotlin UP-TO-DATE
> Task :compileJava NO-SOURCE
> Task :processResources NO-SOURCE
> Task :classes UP-TO-DATE
> Task :cir
processing k=21 [0, 1, 0, 0, 0, 0, 0, 0, 0, 0, 0, 0, 0, 0, 0] t=10m 0.014684167s
processing k=21 [0, 1, 0, 0, 0, 0, 0, 0, 0, 0, 0, 0, 0, 0, 0, 0] t=20m 0.024510042s
processing k=21 [0, 1, 0, 0, 0, 0, 0, 0, 0, 0, 0, 0, 0, 0, 0, 0] t=30m 0.025002459s
processing k=21 [0, 1, 0, 0, 0, 0, 0, 0, 0, 0, 0, 0, 0, 0, 0] t=40m 0.025409250s
processing k=21 [0, 1, 0, 0, 0, 0, 0, 0, 0, 0, 0, 0, 0, 0, 0, 0] t=50m 0.025939209s
processing k=21 [0, 1, 0, 0, 0, 0, 0, 0, 0, 0, 0, 0, 0, 0, 0, 0] t=1h 0m 0.026424709s
processing k=21 [0, 1, 0, 0, 0, 0, 0, 0, 0, 0, 0, 0, 0, 0, 0, 0] t=1h 10m 0.027064s
processing k=21 [0, 1, 0, 0, 0, 0, 0, 0, 0, 0, 0, 0, 0, 0, 0, 0, 0] t=1h 20m 0.027519375s
processing k=21 [0, 1, 0, 0, 0, 0, 0, 0, 0, 0, 0, 0, 0, 0, 0, 0, 0] t=1h 30m 0.028080334s
processing k=21 [0, 1, 0, 0, 0, 0, 0, 0, 0, 0, 0, 0, 0, 0, 0, 0] t=1h 40m 0.028514459s
processing k=21 [0, 1, 0, 0, 0, 0, 0, 0, 0, 0, 0, 0, 0, 0, 0, 0, 0] t=1h 50m 0.028935625s
processing k=21 [0, 1, 0, 0, 0, 0, 0, 0, 0, 0, 0, 0, 0, 0, 0, 0] t=2h 0m 0.029341375s
processing k=21 [0, 1, 0, 0, 0, 0, 0, 0, 0, 0, 0, 0, 0, 0, 0] t=2h 10m 0.029773750s
processing k=21 [0, 1, 0, 0, 0, 0, 0, 0, 0, 0, 0, 0, 0, 0, 0, 0, 0] t=2h 20m 0.030147542s
processing k=21 [0, 1, 0, 0, 0, 0, 0, 0, 0, 0, 0, 0, 0, 0, 0, 0] t=2h 30m 0.030745500s
processing k=21 [0, 1, 0, 0, 0, 0, 0, 0, 0, 0, 0, 0, 0, 0, 0, 0] t=2h 40m 0.031236209s
processing k=21 [0, 1, 0, 0, 0, 0, 0, 0, 0, 0, 0, 0, 0, 0, 0] t=2h 50m 0.031791709s
processing k=21 [0, 1, 0, 0, 0, 0, 0, 0, 0, 0, 0, 0, 0, 0, 0, 0] t=3h 0m 0.032165542s
processing k=21 [0, 1, 0, 0, 0, 0, 0, 0, 0, 0, 0, 0, 0, 0, 0, 0] t=3h 10m 0.032428500s
processing k=21 [0, 1, 0, 0, 0, 0, 0, 0, 0, 0, 0, 0, 0, 0, 0] t=3h 20m 0.032855709s
processing k=21 [0, 1, 0, 0, 0, 0, 0, 0, 0, 0, 0, 0, 0, 0, 0] t=3h 30m 0.033191167s
processing k=21 [0, 1, 0, 0, 0, 0, 0, 0, 0, 0, 0, 0, 0, 0, 0] t=3h 40m 0.033510292s
processing k=21 [0, 1, 0, 0, 0, 0, 0, 0, 0, 0, 0, 0, 0] t=3h 50m 0.034022084s
processing k=21 [0, 1, 0, 0, 0, 0, 0, 0, 0, 0, 0, 0, 0, 0] t=4h 0m 0.034480584s
processing k=21 [0, 1, 0, 0, 0, 0, 0, 0, 0, 0, 0, 0, 0, 0, 0, 0] t=4h 10m 0.034835459s
processing k=21 [0, 1, 0, 0, 0, 0, 0, 0, 0, 0, 0, 0, 0, 0] t=4h 20m 0.035122500s
processing k=21 [0, 1, 0, 0, 0, 0, 0, 0, 0, 0, 0, 0, 0, 0, 0] t=4h 30m 0.035705500s
processing k=21 [0, 1, 0, 0, 0, 0, 0, 0, 0, 0, 0, 0, 0, 0, 0] t=4h 40m 0.036608459s
processing k=21 [0, 1, 0, 0, 0, 0, 0, 0, 0, 0, 0, 0, 0, 0, 0] t=4h 50m 0.040941542s
processing k=21 [0, 1, 0, 0, 0, 0, 0, 0, 0, 0, 0, 0, 0, 0, 0] t=5h 0m 0.041814417s
processing k=21 [0, 1, 0, 0, 0, 0, 0, 0, 0, 0, 0, 0, 0, 0, 0] t=5h 10m 0.042619667s
processing k=21 [0, 1, 0, 0, 0, 0, 0, 0, 0, 0, 0, 0, 0, 0, 0] t=5h 20m 0.043123084s
processing k=21 [0, 1, 0, 0, 0, 0, 0, 0, 0, 0, 0, 0, 0, 0, 0, 0] t=5h 30m 0.045768042s
processing k=21 [0, 1, 0, 0, 0, 0, 0, 0, 0, 0, 0, 0, 0, 0, 0, 0] t=5h 40m 0.046226750s
processing k=21 [0, 1, 0, 0, 0, 0, 0, 0, 0, 0, 0, 0, 0, 0, 0] t=5h 50m 0.046810500s
processing k=21 [0, 1, 0, 0, 0, 0, 0, 0, 0, 0, 0, 0, 0] t=6h 0m 0.047229834s
processing k=21 [0, 1, 0, 0, 0, 0, 0, 0, 0, 0, 0, 0, 0, 0, 0, 0] t=6h 10m 0.048050042s
processing k=21 [0, 1, 0, 0, 0, 0, 0, 0, 0, 0, 0, 0, 0, 0, 0] t=6h 20m 0.048718959s
processing k=21 [0, 1, 0, 0, 0, 0, 0, 0, 0, 0, 0, 0, 0] t=6h 30m 0.049155500s
processing k=21 [0, 1, 0, 0, 0, 0, 0, 0, 0, 0, 0, 0, 0, 0] t=6h 40m 0.049684792s
processing k=21 [0, 1, 0, 0, 0, 0, 0, 0, 0, 0, 0, 0, 0, 0, 0] t=6h 50m 0.050168542s
processing k=21 [0, 1, 0, 0, 0, 0, 0, 0, 0, 0, 0, 0, 0, 0, 0, 0] t=7h 0m 0.050671459s
processing k=21 [0, 1, 0, 0, 0, 0, 0, 0, 0, 0, 0, 0, 0, 0, 0] t=7h 10m 0.063617500s
processing k=21 [0, 1, 0, 0, 0, 0, 0, 0, 0, 0, 0, 0, 0, 0, 0, 0] t=7h 20m 0.064126875s
processing k=21 [0, 1, 0, 0, 0, 0, 0, 0, 0, 0, 0, 0, 0, 0, 0, 0, 0] t=7h 30m 0.064854542s
processing k=21 [0, 1, 0, 0, 0, 0, 0, 0, 0, 0, 0, 0, 0, 0, 0, 0] t=7h 40m 0.065322625s
processing k=21 [0, 1, 0, 0, 0, 0, 0, 0, 0, 0, 0, 0, 0, 0, 0, 0, 0, 0, 0, 0] t=7h 50m 30.547708500s
processing k=21 [0, 1, 0, 0, 0, 0, 0, 0, 0, 0, 0, 0, 0, 0, 0, 0] t=8h 0m 30.548324875s
processing k=21 [0, 1, 0, 0, 0, 0, 0, 0, 0, 0, 0, 0, 0, 0] t=8h 10m 30.548827084s
processing k=21 [0, 1, 0, 0, 0, 0, 0, 0, 0, 0, 0, 0, 0, 0, 0, 0, 0] t=8h 20m 30.549321584s
processing k=21 [0, 1, 0, 0, 0, 0, 0, 0, 0, 0, 0, 0, 0] t=8h 30m 30.549785959s
processing k=21 [0, 1, 0, 0, 0, 0, 0, 0, 0, 0, 0, 0, 0, 0] t=8h 40m 30.550276792s
processing k=21 [0, 1, 0, 0, 0, 0, 0, 0, 0, 0, 0, 0, 0, 0] t=8h 50m 30.553237750s
processing k=21 [0, 1, 0, 0, 0, 0, 0, 0, 0, 0, 0, 0, 0, 0, 0, 0] t=9h 0m 30.553781167s
processing k=21 [0, 1, 0, 0, 0, 0, 0, 0, 0, 0, 0, 0, 0, 0, 0] t=9h 10m 30.554257500s
processing k=21 [0, 1, 0, 0, 0, 0, 0, 0, 0, 0, 0, 0, 0, 0, 0, 0, 0] t=9h 20m 30.554735125s
processing k=21 [0, 1, 0, 0, 0, 0, 0, 0, 0, 0, 0, 0, 0, 0, 0, 0, 0] t=9h 30m 30.555284750s
processing k=21 [0, 1, 0, 0, 0, 0, 0, 0, 0, 0, 0, 0, 0, 0, 0] t=9h 40m 30.555778625s
processing k=21 [0, 1, 0, 0, 0, 0, 0, 0, 0, 0, 0, 0, 0] t=9h 50m 30.556198042s
processing k=21 [0, 1, 0, 0, 0, 0, 0, 0, 0, 0, 0, 0, 0, 0, 0] t=10h 0m 30.556637250s
processing k=21 [0, 1, 0, 0, 0, 0, 0, 0, 0, 0, 0, 0, 0, 0, 0] t=10h 10m 30.557147292s
processing k=21 [0, 1, 0, 0, 0, 0, 0, 0, 0, 0, 0, 0, 0, 0, 0] t=10h 20m 30.557898334s
processing k=21 [0, 1, 0, 0, 0, 0, 0, 0, 0, 0, 0, 0, 0, 0, 0, 0, 0] t=10h 30m 30.558535167s
processing k=21 [0, 1, 0, 0, 0, 0, 0, 0, 0, 0, 0, 0, 0, 0, 0] t=10h 40m 30.558999209s
processing k=21 [0, 1, 0, 0, 0, 0, 0, 0, 0, 0, 0, 0, 0, 0, 0, 0] t=10h 50m 30.559436750s
processing k=21 [0, 1, 0, 0, 0, 0, 0, 0, 0, 0, 0, 0, 0, 0, 0, 0, 0] t=11h 0m 30.559884417s
processing k=21 [0, 1, 0, 0, 0, 0, 0, 0, 0, 0, 0, 0, 0, 0, 0, 0] t=11h 10m 30.560383125s
processing k=21 [0, 1, 0, 0, 0, 0, 0, 0, 0, 0, 0, 0, 0, 0, 0] t=11h 20m 30.560856459s
processing k=21 [0, 1, 0, 0, 0, 0, 0, 0, 0, 0, 0, 0, 0, 0, 0, 0] t=11h 30m 30.561340292s
processing k=21 [0, 1, 0, 0, 0, 0, 0, 0, 0, 0, 0, 0, 0, 0, 0] t=11h 40m 30.561810292s
processing k=21 [0, 1, 0, 0, 0, 0, 0, 0, 0, 0, 0, 0, 0, 0, 0] t=11h 50m 30.562371084s
processing k=21 [0, 1, 0, 0, 0, 0, 0, 0, 0, 0, 0, 0, 0, 0] t=12h 0m 30.562899125s
processing k=21 [0, 1, 0, 0, 0, 0, 0, 0, 0, 0, 0, 0, 0, 0, 0] t=12h 10m 30.563551334s
processing k=21 [0, 1, 0, 0, 0, 0, 0, 0, 0, 0, 0, 0, 0, 0, 0] t=12h 20m 30.564001292s
processing k=21 [0, 1, 0, 0, 0, 0, 0, 0, 0, 0, 0, 0] t=12h 30m 30.564481834s
processing k=21 [0, 1, 0, 0, 0, 0, 0, 0, 0, 0, 0, 0, 0] t=12h 40m 30.564999209s
processing k=21 [0, 1, 0, 0, 0, 0, 0, 0, 0, 0, 0, 0, 0, 0, 0] t=12h 50m 30.565424917s
processing k=21 [0, 1, 0, 0, 0, 0, 0, 0, 0, 0, 0, 0, 0, 0, 0, 0] t=13h 0m 30.566061292s
processing k=21 [0, 1, 0, 0, 0, 0, 0, 0, 0, 0, 0, 0, 0, 0] t=13h 10m 30.566564292s
processing k=21 [0, 1, 0, 0, 0, 0, 0, 0, 0, 0, 0, 0, 0, 0] t=13h 20m 30.567017917s
processing k=21 [0, 1, 0, 0, 0, 0, 0, 0, 0, 0, 0, 0, 0, 0] t=13h 30m 30.567453959s
processing k=21 [0, 1, 0, 0, 0, 0, 0, 0, 0, 0, 0, 0, 0, 0] t=13h 40m 30.567970750s
processing k=21 [0, 1, 0, 0, 0, 0, 0, 0, 0, 0, 0, 0, 0, 0] t=13h 50m 30.568450584s
processing k=21 [0, 1, 0, 0, 0, 0, 0, 0, 0, 0, 0, 0, 0, 0, 0] t=14h 0m 30.568940709s
processing k=21 [0, 1, 0, 0, 0, 0, 0, 0, 0, 0, 0, 0, 0, 0, 0] t=14h 10m 30.569376709s
processing k=21 [0, 1, 0, 0, 0, 0, 0, 0, 0, 0, 0, 0, 0, 0, 0] t=14h 20m 30.569871875s
processing k=21 [0, 1, 0, 0, 0, 0, 0, 0, 0, 0, 0, 0, 0, 0] t=14h 30m 30.570475167s
processing k=21 [0, 1, 0, 0, 0, 0, 0, 0, 0, 0, 0, 0, 0, 0, 0] t=14h 40m 30.570981209s
processing k=21 [0, 1, 0, 0, 0, 0, 0, 0, 0, 0, 0, 0, 0, 0] t=14h 50m 30.571562334s
processing k=21 [0, 1, 0, 0, 0, 0, 0, 0, 0, 0, 0, 0, 0, 0] t=15h 0m 30.572037417s
processing k=21 [0, 1, 0, 0, 0, 0, 0, 0, 0, 0, 0, 0, 0, 0, 0, 0] t=15h 10m 30.572643542s
processing k=21 [0, 1, 0, 0, 0, 0, 0, 0, 0, 0, 0, 0, 0, 0, 0, 0, 0] t=15h 20m 30.573097084s
processing k=21 [0, 1, 0, 0, 0, 0, 0, 0, 0, 0, 0, 0, 0, 0, 0, 0, 0] t=15h 30m 30.573672s
processing k=21 [0, 1, 0, 0, 0, 0, 0, 0, 0, 0, 0, 0, 0, 0, 0, 0] t=15h 40m 30.574184667s
processing k=21 [0, 1, 0, 0, 0, 0, 0, 0, 0, 0, 0, 0, 0, 0, 0] t=15h 50m 30.574653375s
processing k=21 [0, 1, 0, 0, 0, 0, 0, 0, 0, 0, 0, 0, 0, 0, 0, 0] t=16h 0m 30.575069s
processing k=21 [0, 1, 0, 0, 0, 0, 0, 0, 0, 0, 0, 0, 0] t=16h 10m 30.575647250s
processing k=21 [0, 1, 0, 0, 0, 0, 0, 0, 0, 0, 0, 0, 0, 0] t=16h 20m 30.576081084s
processing k=21 [0, 1, 0, 0, 0, 0, 0, 0, 0, 0, 0, 0, 0, 0, 0, 0, 0] t=16h 30m 30.576569334s
processing k=21 [0, 1, 0, 0, 0, 0, 0, 0, 0, 0, 0, 0, 0, 0, 0, 0] t=16h 40m 30.577199875s
