Starting a Gradle Daemon, 4 busy Daemons could not be reused, use --status for details
Daemon JVM discovery is an incubating feature.
> Task :checkKotlinGradlePluginConfigurationErrors SKIPPED
> Task :compileKotlin UP-TO-DATE
> Task :compileJava NO-SOURCE
> Task :processResources NO-SOURCE
> Task :classes UP-TO-DATE
> Task :cir
processing k=19 [0, 1, 0, 0, 0, 0, 0, 0, 0, 0, 0, 0, 0, 0] t=10m 0.020601667s
processing k=19 [0, 1, 0, 0, 0, 0, 0, 0, 0, 0, 0, 0, 0, 0, 0] t=20m 0.032309542s
processing k=19 [0, 1, 0, 0, 0, 0, 0, 0, 0, 0, 0, 0, 0] t=30m 0.032858792s
processing k=19 [0, 1, 0, 0, 0, 0, 0, 0, 0, 0, 0, 0, 0, 0, 0] t=40m 0.033457583s
processing k=19 [0, 1, 0, 0, 0, 0, 0, 0, 0, 0, 0, 0, 0] t=50m 0.033969208s
processing k=19 [0, 1, 0, 0, 0, 0, 0, 0, 0, 0, 0, 0, 0, 0, 0] t=1h 0m 0.034529333s
processing k=19 [0, 1, 0, 0, 0, 0, 0, 0, 0, 0, 0, 0, 0, 0] t=1h 10m 0.035121083s
processing k=19 [0, 1, 0, 0, 0, 0, 0, 0, 0, 0, 0, 0, 0] t=1h 20m 0.036126083s
processing k=19 [0, 1, 0, 0, 0, 0, 0, 0, 0, 0, 0, 0, 0] t=1h 30m 0.036607583s
processing k=19 [0, 1, 0, 0, 0, 0, 0, 0, 0, 0, 0, 0, 0, 0] t=1h 40m 0.037064708s
processing k=19 [0, 1, 0, 0, 0, 0, 0, 0, 0, 0, 0, 0] t=1h 50m 0.037743375s
processing k=19 [0, 1, 0, 0, 0, 0, 0, 0, 0, 0, 0, 0, 0, 0] t=2h 0m 0.038107625s
processing k=19 [0, 1, 0, 0, 0, 0, 0, 0, 0, 0, 0, 0, 0, 0, 0] t=2h 10m 0.038379667s
processing k=19 [0, 1, 0, 0, 0, 0, 0, 0, 0, 0, 0, 0, 0] t=2h 20m 0.038876833s
processing k=19 [0, 1, 0, 0, 0, 0, 0, 0, 0, 0, 0, 0, 0, 0, 0] t=2h 30m 0.039286792s
processing k=19 [0, 1, 0, 0, 0, 0, 0, 0, 0, 0, 0, 0, 0, 0, 0] t=2h 40m 0.041098792s
processing k=19 [0, 1, 0, 0, 0, 0, 0, 0, 0, 0, 0, 0, 0, 0] t=2h 50m 0.041518167s
processing k=19 [0, 1, 0, 0, 0, 0, 0, 0, 0, 0, 0, 0, 0] t=3h 0m 0.042083833s
processing k=19 [0, 1, 0, 0, 0, 0, 0, 0, 0, 0, 0, 0, 0, 0] t=3h 10m 0.042536250s
processing k=19 [0, 1, 0, 0, 0, 0, 0, 0, 0, 0, 0, 0, 0] t=3h 20m 0.043048333s
processing k=19 [0, 1, 0, 0, 0, 0, 0, 0, 0, 0, 0, 0] t=3h 30m 0.044749208s
processing k=19 [0, 1, 0, 0, 0, 0, 0, 0, 0, 0, 0, 0, 0] t=3h 40m 0.045181667s
processing k=19 [0, 1, 0, 0, 0, 0, 0, 0, 0, 0, 0, 0, 0] t=3h 50m 0.045577625s
processing k=19 [0, 1, 0, 0, 0, 0, 0, 0, 0, 0, 0, 0] t=4h 0m 0.046073875s
processing k=19 [0, 1, 0, 0, 0, 0, 0, 0, 0, 0, 0, 0, 0] t=4h 10m 0.047354667s
processing k=19 [0, 1, 0, 0, 0, 0, 0, 0, 0, 0, 0, 0] t=4h 20m 0.047797s
processing k=19 [0, 1, 0, 0, 0, 0, 0, 0, 0, 0, 0, 0] t=4h 30m 0.048300958s
processing k=19 [0, 1, 0, 0, 0, 0, 0, 0, 0, 0, 0, 0, 0, 0] t=4h 40m 0.050385542s
processing k=19 [0, 1, 0, 0, 0, 0, 0, 0, 0, 0, 0, 0, 0] t=4h 50m 0.050956417s
processing k=19 [0, 1, 0, 0, 0, 0, 0, 0, 0, 0, 0] t=5h 0m 0.051378167s
processing k=19 [0, 1, 0, 0, 0, 0, 0, 0, 0, 0, 0, 0, 0, 0] t=5h 10m 0.803987417s
processing k=19 [0, 1, 0, 0, 0, 0, 0, 0, 0, 0, 0, 0, 0] t=5h 20m 0.804510375s
processing k=19 [0, 1, 0, 0, 0, 0, 0, 0, 0, 0, 0, 0] t=5h 30m 0.805102750s
processing k=19 [0, 1, 0, 0, 0, 0, 0, 0, 0, 0, 0, 0, 0] t=5h 40m 0.805546917s
processing k=19 [0, 1, 0, 0, 0, 0, 0, 0, 0, 0, 0, 0, 0, 0] t=5h 50m 0.805998833s
processing k=19 [0, 1, 0, 0, 0, 0, 0, 0, 0, 0, 0, 0, 0, 0] t=6h 0m 0.806331917s
processing k=19 [0, 1, 0, 0, 0, 0, 0, 0, 0, 0, 0, 0, 0, 0, 0] t=6h 10m 0.806725875s
processing k=19 [0, 1, 0, 0, 0, 0, 0, 0, 0, 0, 0, 0, 0] t=6h 20m 0.807171s
processing k=19 [0, 1, 0, 0, 0, 0, 0, 0, 0, 0, 0, 0, 0, 0] t=6h 30m 0.807517958s
processing k=19 [0, 1, 0, 0, 0, 0, 0, 0, 0, 0, 0, 0, 0] t=6h 40m 0.807838750s
processing k=19 [0, 1, 0, 0, 0, 0, 0, 0, 0, 0, 0, 0, 0, 0] t=6h 50m 0.808280750s
processing k=19 [0, 1, 0, 0, 0, 0, 0, 0, 0, 0, 0, 0, 0, 0] t=7h 0m 0.808746875s
processing k=19 [0, 1, 0, 0, 0, 0, 0, 0, 0, 0, 0, 0, 0, 0] t=7h 10m 0.809354375s
processing k=19 [0, 1, 0, 0, 0, 0, 0, 0, 0, 0, 0, 0] t=7h 20m 0.809857875s
processing k=19 [0, 1, 0, 0, 0, 0, 0, 0, 0, 0, 0, 0] t=7h 30m 0.810298542s
processing k=19 [0, 1, 0, 0, 0, 0, 0, 0, 0, 0, 0, 0, 0, 0, 0] t=7h 40m 0.810763125s
processing k=19 [0, 1, 0, 0, 0, 0, 0, 0, 0, 0, 0, 0] t=7h 50m 0.811327s
processing k=19 [0, 1, 0, 0, 0, 0, 0, 0, 0, 0, 0, 0, 0, 0] t=8h 0m 0.811767750s
processing k=19 [0, 1, 0, 0, 0, 0, 0, 0, 0, 0, 0, 0, 0, 0, 0] t=8h 10m 0.812204s
processing k=19 [0, 1, 0, 0, 0, 0, 0, 0, 0, 0, 0, 0] t=8h 20m 0.812697792s
processing k=19 [0, 1, 0, 0, 0, 0, 0, 0, 0, 0, 0, 0, 0, 0, 0] t=8h 30m 0.813147708s
processing k=19 [0, 1, 0, 0, 0, 0, 0, 0, 0, 0, 0, 0] t=8h 40m 0.813606s
processing k=19 [0, 1, 0, 0, 0, 0, 0, 0, 0, 0, 0, 0, 0, 0] t=8h 50m 0.814344458s
processing k=19 [0, 1, 0, 0, 0, 0, 0, 0, 0, 0, 0, 0] t=9h 0m 0.814815708s
processing k=19 [0, 1, 0, 0, 0, 0, 0, 0, 0, 0, 0, 0] t=9h 10m 0.815309375s
processing k=19 [0, 1, 0, 0, 0, 0, 0, 0, 0, 0, 0, 0, 0] t=9h 20m 0.815833875s
processing k=19 [0, 1, 0, 0, 0, 0, 0, 0, 0, 0, 0, 0] t=9h 30m 0.816284875s
processing k=19 [0, 1, 0, 0, 0, 0, 0, 0, 0, 0, 0, 0] t=9h 40m 0.816754917s
processing k=19 [0, 1, 0, 0, 0, 0, 0, 0, 0, 0, 0, 0, 0, 0] t=9h 50m 0.817298667s
processing k=19 [0, 1, 0, 0, 0, 0, 0, 0, 0, 0, 0] t=10h 0m 0.817834500s
processing k=19 [0, 1, 0, 0, 0, 0, 0, 0, 0, 0, 0, 0] t=10h 10m 0.818257875s
processing k=19 [0, 1, 0, 0, 0, 0, 0, 0, 0, 0, 0, 0, 0] t=10h 20m 0.818777750s
processing k=19 [0, 1, 0, 0, 0, 0, 0, 0, 0, 0, 0, 0] t=10h 30m 0.819260083s
processing k=19 [0, 1, 0, 0, 0, 0, 0, 0, 0, 0, 0, 0, 0, 0, 0] t=10h 40m 0.819679125s
processing k=19 [0, 1, 0, 0, 0, 0, 0, 0, 0, 0, 0, 0, 0, 0, 0] t=10h 50m 0.820191125s
processing k=19 [0, 1, 0, 0, 0, 0, 0, 0, 0, 0, 0, 0, 0] t=11h 0m 0.820638958s
processing k=19 [0, 1, 0, 0, 0, 0, 0, 0, 0, 0, 0] t=11h 10m 0.821097250s
processing k=19 [0, 1, 0, 0, 0, 0, 0, 0, 0, 0, 0, 0, 0] t=11h 20m 0.821588s
processing k=19 [0, 1, 0, 0, 0, 0, 0, 0, 0, 0, 0, 0, 0, 0] t=11h 30m 0.822063875s
processing k=19 [0, 1, 0, 0, 0, 0, 0, 0, 0, 0, 0, 0, 0, 0] t=11h 40m 0.822500500s
processing k=19 [0, 1, 0, 0, 0, 0, 0, 0, 0, 0, 0, 0, 0, 0] t=11h 50m 0.822951542s
processing k=19 [0, 1, 0, 0, 0, 0, 0, 0, 0, 0, 0, 0, 0, 0] t=12h 0m 0.823399167s
processing k=19 [0, 1, 0, 0, 0, 0, 0, 0, 0, 0, 0, 0, 0] t=12h 10m 0.823867458s
processing k=19 [0, 1, 0, 0, 0, 0, 0, 0, 0, 0, 0, 0] t=12h 20m 0.824357042s
processing k=19 [0, 1, 0, 0, 0, 0, 0, 0, 0, 0, 0, 0, 0] t=12h 30m 0.824845417s
processing k=19 [0, 1, 0, 0, 0, 0, 0, 0, 0, 0, 0, 0, 0, 0, 0] t=12h 40m 0.825440667s
processing k=19 [0, 1, 0, 0, 0, 0, 0, 0, 0, 0, 0, 0, 0] t=12h 50m 0.825944875s
processing k=19 [0, 1, 0, 0, 0, 0, 0, 0, 0, 0, 0, 0, 0, 0] t=13h 0m 0.826503625s
processing k=19 [0, 1, 0, 0, 0, 0, 0, 0, 0, 0, 0, 0] t=13h 10m 0.826960167s
processing k=19 [0, 1, 0, 0, 0, 0, 0, 0, 0, 0, 0, 0, 0, 0] t=13h 20m 0.827681667s
processing k=19 [0, 1, 0, 0, 0, 0, 0, 0, 0, 0, 0, 0, 0] t=13h 30m 0.828130667s
processing k=19 [0, 1, 0, 0, 0, 0, 0, 0, 0, 0, 0, 0, 0] t=13h 40m 0.829732500s
processing k=19 [0, 1, 0, 0, 0, 0, 0, 0, 0, 0, 0, 0, 0] t=13h 50m 0.830229333s
processing k=19 [0, 1, 0, 0, 0, 0, 0, 0, 0, 0, 0, 0, 0] t=14h 0m 0.830793208s
processing k=19 [0, 1, 0, 0, 0, 0, 0, 0, 0, 0, 0, 0, 0, 0] t=14h 10m 0.831364500s
processing k=19 [0, 1, 0, 0, 0, 0, 0, 0, 0, 0, 0, 0, 0, 0] t=14h 20m 0.831981792s
processing k=19 [0, 1, 0, 0, 0, 0, 0, 0, 0, 0, 0, 0, 0] t=14h 30m 0.832467250s
processing k=19 [0, 1, 0, 0, 0, 0, 0, 0, 0, 0, 0, 0, 0] t=14h 40m 0.832885458s
processing k=19 [0, 1, 0, 0, 0, 0, 0, 0, 0, 0, 0, 0, 0] t=14h 50m 0.833333833s
processing k=19 [0, 1, 0, 0, 0, 0, 0, 0, 0, 0, 0, 0, 0] t=15h 0m 0.833724667s
processing k=19 [0, 1, 0, 0, 0, 0, 0, 0, 0, 0, 0, 0, 0] t=15h 10m 0.834228417s
processing k=19 [0, 1, 0, 0, 0, 0, 0, 0, 0, 0, 0, 0] t=15h 20m 0.835735792s
processing k=19 [0, 1, 0, 0, 0, 0, 0, 0, 0, 0, 0, 0, 0] t=15h 30m 0.836840500s
processing k=19 [0, 1, 0, 0, 0, 0, 0, 0, 0, 0, 0, 0] t=15h 40m 0.837322208s
processing k=19 [0, 1, 0, 0, 0, 0, 0, 0, 0, 0] t=15h 50m 0.837764292s
processing k=19 [0, 1, 0, 0, 0, 0, 0, 0, 0, 0, 0, 0] t=16h 0m 0.838288167s
processing k=19 [0, 1, 0, 0, 0, 0, 0, 0, 0, 0, 0, 0, 0, 0, 0] t=16h 10m 0.838837125s
processing k=19 [0, 1, 0, 0, 0, 0, 0, 0, 0, 0, 0, 0, 0] t=16h 20m 0.839251708s
processing k=19 [0, 1, 0, 0, 0, 0, 0, 0, 0, 0, 0, 0, 0] t=16h 30m 0.839728708s
processing k=19 [0, 1, 0, 0, 0, 0, 0, 0, 0, 0, 0] t=16h 40m 0.840180542s
processing k=19 [0, 1, 0, 0, 0, 0, 0, 0, 0, 0, 0, 0] t=16h 50m 0.840607042s
processing k=19 [0, 1, 0, 0, 0, 0, 0, 0, 0, 0, 0] t=17h 0m 0.841073042s
processing k=19 [0, 1, 0, 0, 0, 0, 0, 0, 0, 0, 0, 0, 0, 0] t=17h 10m 0.841556292s
processing k=19 [0, 1, 0, 0, 0, 0, 0, 0, 0, 0, 0, 0, 0, 0] t=17h 20m 0.841980333s
processing k=19 [0, 1, 0, 0, 0, 0, 0, 0, 0, 0, 0, 0] t=17h 30m 0.842437583s
processing k=19 [0, 1, 0, 0, 0, 0, 0, 0, 0, 0, 0, 0, 0] t=17h 40m 0.842966583s
processing k=19 [0, 1, 0, 0, 0, 0, 0, 0, 0, 0, 0, 0, 0] t=17h 50m 0.843479375s
processing k=19 [0, 1, 0, 0, 0, 0, 0, 0, 0, 0, 0, 0, 0, 0] t=18h 0m 0.843942208s
processing k=19 [0, 1, 0, 0, 0, 0, 0, 0, 0, 0, 0, 0, 0, 0] t=18h 10m 0.844372292s
processing k=19 [0, 1, 0, 0, 0, 0, 0, 0, 0, 0, 0] t=18h 20m 0.844802750s
processing k=19 [0, 1, 0, 0, 0, 0, 0, 0, 0, 0, 0, 0] t=18h 30m 0.845379375s
processing k=19 [0, 1, 0, 0, 0, 0, 0, 0, 0, 0, 0, 0, 0, 0] t=18h 40m 0.846462958s
processing k=19 [0, 1, 0, 0, 0, 0, 0, 0, 0, 0, 0, 0] t=18h 50m 0.846939250s
processing k=19 [0, 1, 0, 0, 0, 0, 0, 0, 0, 0, 0, 0] t=19h 0m 0.847472500s
processing k=19 [0, 1, 0, 0, 0, 0, 0, 0, 0, 0, 0, 0] t=19h 10m 0.847869875s
processing k=19 [0, 1, 0, 0, 0, 0, 0, 0, 0, 0, 0, 0] t=19h 20m 0.848340917s
processing k=19 [0, 1, 0, 0, 0, 0, 0, 0, 0, 0, 0, 0, 0, 0, 0] t=19h 30m 0.848810250s
processing k=19 [0, 1, 0, 0, 0, 0, 0, 0, 0, 0, 0, 0, 0] t=19h 40m 0.850279875s
processing k=19 [0, 1, 0, 0, 0, 0, 0, 0, 0, 0, 0] t=19h 50m 0.850822583s
processing k=19 [0, 1, 0, 0, 0, 0, 0, 0, 0, 0, 0, 0, 0, 0] t=20h 0m 0.851347708s
processing k=19 [0, 1, 0, 0, 0, 0, 0, 0, 0, 0, 0, 0] t=20h 10m 0.851826167s
processing k=19 [0, 1, 0, 0, 0, 0, 0, 0, 0, 0, 0, 0] t=20h 20m 0.852283417s
processing k=19 [0, 1, 0, 0, 0, 0, 0, 0, 0, 0, 0] t=20h 30m 0.853014417s
processing k=19 [0, 1, 0, 0, 0, 0, 0, 0, 0, 0, 0, 0, 0] t=20h 40m 0.855847625s
processing k=19 [0, 1, 0, 0, 0, 0, 0, 0, 0, 0, 0, 0, 0] t=20h 50m 0.856788792s
processing k=19 [0, 1, 0, 0, 0, 0, 0, 0, 0, 0, 0, 0, 0, 0] t=21h 0m 0.857343417s
processing k=19 [0, 1, 0, 0, 0, 0, 0, 0, 0, 0, 0, 0] t=21h 10m 0.857949458s
processing k=19 [0, 1, 0, 0, 0, 0, 0, 0, 0, 0, 0, 0, 0, 0] t=21h 20m 0.858435167s
processing k=19 [0, 1, 0, 0, 0, 0, 0, 0, 0, 0, 0, 0, 0, 0, 0] t=21h 30m 0.858993500s
processing k=19 [0, 1, 0, 0, 0, 0, 0, 0, 0, 0, 0, 0] t=21h 40m 0.859603417s
processing k=19 [0, 1, 0, 0, 0, 0, 0, 0, 0, 0, 0, 0] t=21h 50m 0.861493667s
processing k=19 [0, 1, 0, 0, 0, 0, 0, 0, 0, 0, 0, 0, 0] t=22h 0m 0.862206458s
processing k=19 [0, 1, 0, 0, 0, 0, 0, 0, 0, 0, 0, 0, 0] t=22h 10m 0.862757542s
processing k=19 [0, 1, 0, 0, 0, 0, 0, 0, 0, 0, 0, 0] t=22h 20m 0.863612500s
processing k=19 [0, 1, 0, 0, 0, 0, 0, 0, 0, 0, 0, 0, 0, 0] t=22h 30m 0.866034583s
processing k=19 [0, 1, 0, 0, 0, 0, 0, 0, 0, 0, 0, 0, 0, 0, 0] t=22h 40m 0.866546333s
processing k=19 [0, 1, 0, 0, 0, 0, 0, 0, 0, 0, 0, 0, 0, 0, 0] t=22h 50m 0.869115917s
processing k=19 [0, 1, 0, 0, 0, 0, 0, 0, 0, 0, 0, 0, 0, 0] t=23h 0m 0.869628833s
processing k=19 [0, 1, 0, 0, 0, 0, 0, 0, 0, 0, 0, 0, 0, 0] t=23h 10m 0.870117792s
processing k=19 [0, 1, 0, 0, 0, 0, 0, 0, 0, 0, 0, 0, 0] t=23h 20m 0.870669083s
processing k=19 [0, 1, 0, 0, 0, 0, 0, 0, 0, 0, 0, 0, 0, 0] t=23h 30m 0.871122208s
processing k=19 [0, 1, 0, 0, 0, 0, 0, 0, 0, 0, 0, 0] t=23h 40m 0.871590833s
processing k=19 [0, 1, 0, 0, 0, 0, 0, 0, 0, 0, 0, 0, 0] t=23h 50m 0.872767833s
processing k=19 [0, 1, 0, 0, 0, 0, 0, 0, 0, 0, 0, 0] t=1d 0h 0m 0.873714667s
processing k=19 [0, 1, 0, 0, 0, 0, 0, 0, 0, 0, 0, 0, 0] t=1d 0h 10m 0.875466458s
processing k=19 [0, 1, 0, 0, 0, 0, 0, 0, 0, 0, 0, 0, 0, 0] t=1d 0h 20m 0.875998750s
processing k=19 [0, 1, 0, 0, 0, 0, 0, 0, 0, 0, 0, 0, 0, 0] t=1d 0h 30m 0.876857125s
