> Task :checkKotlinGradlePluginConfigurationErrors SKIPPED
> Task :processResources NO-SOURCE
> Task :compileKotlin
> Task :compileJava NO-SOURCE
> Task :classes UP-TO-DATE
> Task :cir
processing k=20 [0, 1, 0, 0, 0, 0, 0, 0, 0, 0, 0, 0, 0, 0, 0] t=10m 0.014140125s
processing k=20 [0, 1, 0, 0, 0, 0, 0, 0, 0, 0, 0, 0, 0, 0, 0, 0] t=20m 0.027714s
processing k=20 [0, 1, 0, 0, 0, 0, 0, 0, 0, 0, 0, 0, 0, 0, 0] t=30m 0.028310667s
processing k=20 [0, 1, 0, 0, 0, 0, 0, 0, 0, 0, 0, 0, 0, 0, 0, 0] t=40m 0.028771375s
processing k=20 [0, 1, 0, 0, 0, 0, 0, 0, 0, 0, 0, 0, 0, 0, 0] t=50m 0.029248250s
processing k=20 [0, 1, 0, 0, 0, 0, 0, 0, 0, 0, 0, 0, 0, 0, 0, 0] t=1h 0m 0.029736084s
processing k=20 [0, 1, 0, 0, 0, 0, 0, 0, 0, 0, 0, 0, 0, 0, 0] t=1h 10m 0.030095084s
processing k=20 [0, 1, 0, 0, 0, 0, 0, 0, 0, 0, 0, 0, 0, 0, 0] t=1h 20m 0.030403584s
processing k=20 [0, 1, 0, 0, 0, 0, 0, 0, 0, 0, 0, 0, 0, 0] t=1h 30m 0.030882417s
processing k=20 [0, 1, 0, 0, 0, 0, 0, 0, 0, 0, 0, 0, 0, 0, 0] t=1h 40m 0.031314959s
processing k=20 [0, 1, 0, 0, 0, 0, 0, 0, 0, 0, 0, 0, 0, 0, 0] t=1h 50m 0.031843125s
processing k=20 [0, 1, 0, 0, 0, 0, 0, 0, 0, 0, 0, 0, 0, 0] t=2h 0m 0.032297875s
processing k=20 [0, 1, 0, 0, 0, 0, 0, 0, 0, 0, 0, 0, 0, 0, 0, 0] t=2h 10m 0.032823459s
processing k=20 [0, 1, 0, 0, 0, 0, 0, 0, 0, 0, 0, 0, 0, 0, 0] t=2h 20m 0.033302584s
processing k=20 [0, 1, 0, 0, 0, 0, 0, 0, 0, 0, 0, 0, 0, 0, 0] t=2h 30m 0.033840125s
processing k=20 [0, 1, 0, 0, 0, 0, 0, 0, 0, 0, 0, 0, 0, 0, 0] t=2h 40m 0.034277542s
processing k=20 [0, 1, 0, 0, 0, 0, 0, 0, 0, 0, 0, 0, 0, 0] t=2h 50m 0.034868334s
processing k=20 [0, 1, 0, 0, 0, 0, 0, 0, 0, 0, 0, 0] t=3h 0m 0.035357667s
processing k=20 [0, 1, 0, 0, 0, 0, 0, 0, 0, 0, 0, 0, 0] t=3h 10m 0.035757084s
processing k=20 [0, 1, 0, 0, 0, 0, 0, 0, 0, 0, 0, 0, 0, 0] t=3h 20m 0.036171417s
processing k=20 [0, 1, 0, 0, 0, 0, 0, 0, 0, 0, 0, 0, 0, 0, 0] t=3h 30m 0.036615709s
processing k=20 [0, 1, 0, 0, 0, 0, 0, 0, 0, 0, 0, 0, 0, 0] t=3h 40m 0.037129542s
processing k=20 [0, 1, 0, 0, 0, 0, 0, 0, 0, 0, 0, 0, 0, 0] t=3h 50m 0.037545667s
processing k=20 [0, 1, 0, 0, 0, 0, 0, 0, 0, 0, 0, 0, 0, 0, 0] t=4h 0m 0.037957917s
processing k=20 [0, 1, 0, 0, 0, 0, 0, 0, 0, 0, 0, 0, 0, 0, 0] t=4h 10m 0.038417292s
processing k=20 [0, 1, 0, 0, 0, 0, 0, 0, 0, 0, 0, 0, 0, 0, 0] t=4h 20m 0.038813167s
processing k=20 [0, 1, 0, 0, 0, 0, 0, 0, 0, 0, 0, 0, 0, 0, 0, 0] t=4h 30m 0.039211875s
processing k=20 [0, 1, 0, 0, 0, 0, 0, 0, 0, 0, 0, 0, 0, 0, 0] t=4h 40m 0.040067625s
processing k=20 [0, 1, 0, 0, 0, 0, 0, 0, 0, 0, 0, 0, 0] t=4h 50m 0.040539042s
processing k=20 [0, 1, 0, 0, 0, 0, 0, 0, 0, 0, 0, 0, 0, 0] t=5h 0m 0.041119167s
processing k=20 [0, 1, 0, 0, 0, 0, 0, 0, 0, 0, 0, 0, 0, 0, 0] t=5h 10m 0.041565459s
processing k=20 [0, 1, 0, 0, 0, 0, 0, 0, 0, 0, 0, 0, 0, 0, 0] t=5h 20m 0.042410792s
processing k=20 [0, 1, 0, 0, 0, 0, 0, 0, 0, 0, 0, 0, 0, 0] t=5h 30m 0.042773209s
processing k=20 [0, 1, 0, 0, 0, 0, 0, 0, 0, 0, 0, 0] t=5h 40m 0.043125584s
processing k=20 [0, 1, 0, 0, 0, 0, 0, 0, 0, 0, 0, 0] t=5h 50m 0.043590500s
processing k=20 [0, 1, 0, 0, 0, 0, 0, 0, 0, 0, 0, 0, 0, 0, 0] t=6h 0m 0.205433084s
processing k=20 [0, 1, 0, 0, 0, 0, 0, 0, 0, 0, 0, 0, 0, 0] t=6h 10m 0.221024417s
processing k=20 [0, 1, 0, 0, 0, 0, 0, 0, 0, 0, 0, 0, 0, 0, 0, 0, 0] t=6h 20m 0.221449375s
processing k=20 [0, 1, 0, 0, 0, 0, 0, 0, 0, 0, 0, 0, 0, 0, 0] t=6h 30m 0.221870625s
processing k=20 [0, 1, 0, 0, 0, 0, 0, 0, 0, 0, 0, 0, 0, 0] t=6h 40m 0.222354042s
processing k=20 [0, 1, 0, 0, 0, 0, 0, 0, 0, 0, 0, 0, 0, 0] t=6h 50m 0.222924750s
processing k=20 [0, 1, 0, 0, 0, 0, 0, 0, 0, 0, 0, 0, 0, 0] t=7h 0m 0.223470709s
processing k=20 [0, 1, 0, 0, 0, 0, 0, 0, 0, 0, 0, 0, 0, 0] t=7h 10m 0.223973084s
processing k=20 [0, 1, 0, 0, 0, 0, 0, 0, 0, 0, 0, 0, 0, 0, 0] t=7h 20m 0.224498167s
processing k=20 [0, 1, 0, 0, 0, 0, 0, 0, 0, 0, 0, 0, 0, 0, 0] t=7h 30m 0.224948542s
processing k=20 [0, 1, 0, 0, 0, 0, 0, 0, 0, 0, 0, 0, 0, 0, 0] t=7h 40m 0.225449667s
processing k=20 [0, 1, 0, 0, 0, 0, 0, 0, 0, 0, 0, 0, 0, 0, 0, 0, 0] t=7h 50m 0.225964125s
processing k=20 [0, 1, 0, 0, 0, 0, 0, 0, 0, 0, 0, 0, 0, 0, 0, 0] t=8h 0m 0.227090709s
processing k=20 [0, 1, 0, 0, 0, 0, 0, 0, 0, 0, 0, 0, 0, 0] t=8h 10m 0.227571250s
processing k=20 [0, 1, 0, 0, 0, 0, 0, 0, 0, 0, 0, 0, 0, 0, 0] t=8h 20m 0.228021625s
processing k=20 [0, 1, 0, 0, 0, 0, 0, 0, 0, 0, 0, 0, 0, 0] t=8h 30m 0.228498292s
processing k=20 [0, 1, 0, 0, 0, 0, 0, 0, 0, 0, 0, 0, 0, 0, 0] t=8h 40m 0.228974917s
processing k=20 [0, 1, 0, 0, 0, 0, 0, 0, 0, 0, 0, 0, 0] t=8h 50m 0.229477667s
processing k=20 [0, 1, 0, 0, 0, 0, 0, 0, 0, 0, 0, 0, 0] t=9h 0m 0.229940334s
processing k=20 [0, 1, 0, 0, 0, 0, 0, 0, 0, 0, 0, 0, 0] t=9h 10m 0.230359875s
processing k=20 [0, 1, 0, 0, 0, 0, 0, 0, 0, 0, 0, 0, 0, 0, 0, 0] t=9h 20m 0.230845209s
processing k=20 [0, 1, 0, 0, 0, 0, 0, 0, 0, 0, 0, 0, 0, 0, 0] t=9h 30m 0.231418417s
processing k=20 [0, 1, 0, 0, 0, 0, 0, 0, 0, 0, 0, 0, 0, 0, 0] t=9h 40m 0.231875334s
processing k=20 [0, 1, 0, 0, 0, 0, 0, 0, 0, 0, 0, 0, 0, 0] t=9h 50m 0.232293167s
processing k=20 [0, 1, 0, 0, 0, 0, 0, 0, 0, 0, 0, 0, 0, 0, 0] t=10h 0m 0.233235917s
processing k=20 [0, 1, 0, 0, 0, 0, 0, 0, 0, 0, 0, 0, 0, 0, 0, 0] t=10h 10m 0.233718250s
processing k=20 [0, 1, 0, 0, 0, 0, 0, 0, 0, 0, 0, 0, 0, 0] t=10h 20m 0.234181625s
processing k=20 [0, 1, 0, 0, 0, 0, 0, 0, 0, 0, 0, 0, 0] t=10h 30m 0.234596709s
processing k=20 [0, 1, 0, 0, 0, 0, 0, 0, 0, 0, 0, 0, 0] t=10h 40m 0.235159959s
processing k=20 [0, 1, 0, 0, 0, 0, 0, 0, 0, 0, 0, 0, 0] t=10h 50m 0.235750709s
processing k=20 [0, 1, 0, 0, 0, 0, 0, 0, 0, 0, 0, 0, 0, 0] t=11h 0m 0.236658s
processing k=20 [0, 1, 0, 0, 0, 0, 0, 0, 0, 0, 0, 0, 0, 0, 0] t=11h 10m 0.237084292s
processing k=20 [0, 1, 0, 0, 0, 0, 0, 0, 0, 0, 0, 0, 0, 0] t=11h 20m 0.237518167s
processing k=20 [0, 1, 0, 0, 0, 0, 0, 0, 0, 0, 0, 0, 0, 0] t=11h 30m 0.237972792s
processing k=20 [0, 1, 0, 0, 0, 0, 0, 0, 0, 0, 0, 0] t=11h 40m 0.238439s
processing k=20 [0, 1, 0, 0, 0, 0, 0, 0, 0, 0, 0, 0, 0] t=11h 50m 0.238870875s
processing k=20 [0, 1, 0, 0, 0, 0, 0, 0, 0, 0, 0, 0, 0] t=12h 0m 0.239328042s
processing k=20 [0, 1, 0, 0, 0, 0, 0, 0, 0, 0, 0, 0, 0, 0, 0, 0] t=12h 10m 0.239781625s
processing k=20 [0, 1, 0, 0, 0, 0, 0, 0, 0, 0, 0, 0, 0, 0] t=12h 20m 0.240318167s
processing k=20 [0, 1, 0, 0, 0, 0, 0, 0, 0, 0, 0, 0, 0, 0] t=12h 30m 0.240773584s
processing k=20 [0, 1, 0, 0, 0, 0, 0, 0, 0, 0, 0, 0, 0, 0] t=12h 40m 0.241266917s
processing k=20 [0, 1, 0, 0, 0, 0, 0, 0, 0, 0, 0, 0, 0] t=12h 50m 0.241849500s
processing k=20 [0, 1, 0, 0, 0, 0, 0, 0, 0, 0, 0, 0, 0, 0] t=13h 0m 0.242434042s
processing k=20 [0, 1, 0, 0, 0, 0, 0, 0, 0, 0, 0, 0, 0, 0, 0, 0, 0] t=13h 10m 0.242927125s
processing k=20 [0, 1, 0, 0, 0, 0, 0, 0, 0, 0, 0, 0, 0, 0, 0] t=13h 20m 0.243411167s
processing k=20 [0, 1, 0, 0, 0, 0, 0, 0, 0, 0, 0, 0, 0, 0, 0, 0] t=13h 30m 0.243854292s
processing k=20 [0, 1, 0, 0, 0, 0, 0, 0, 0, 0, 0, 0, 0, 0] t=13h 40m 0.244364834s
processing k=20 [0, 1, 0, 0, 0, 0, 0, 0, 0, 0, 0, 0, 0, 0] t=13h 50m 0.244921500s
processing k=20 [0, 1, 0, 0, 0, 0, 0, 0, 0, 0, 0, 0, 0, 0] t=14h 0m 0.245509834s
processing k=20 [0, 1, 0, 0, 0, 0, 0, 0, 0, 0, 0, 0] t=14h 10m 0.245952250s
processing k=20 [0, 1, 0, 0, 0, 0, 0, 0, 0, 0, 0, 0, 0, 0, 0] t=14h 20m 0.246628959s
processing k=20 [0, 1, 0, 0, 0, 0, 0, 0, 0, 0, 0, 0, 0, 0, 0] t=14h 30m 0.247131042s
processing k=20 [0, 1, 0, 0, 0, 0, 0, 0, 0, 0, 0, 0, 0, 0] t=14h 40m 0.247563167s
processing k=20 [0, 1, 0, 0, 0, 0, 0, 0, 0, 0, 0, 0, 0, 0, 0] t=14h 50m 0.248156792s
processing k=20 [0, 1, 0, 0, 0, 0, 0, 0, 0, 0, 0, 0, 0, 0, 0, 0] t=15h 0m 0.248644125s
processing k=20 [0, 1, 0, 0, 0, 0, 0, 0, 0, 0, 0, 0, 0, 0] t=15h 10m 0.249086250s
processing k=20 [0, 1, 0, 0, 0, 0, 0, 0, 0, 0, 0, 0, 0] t=15h 20m 0.249598792s
processing k=20 [0, 1, 0, 0, 0, 0, 0, 0, 0, 0, 0, 0, 0] t=15h 30m 0.250068667s
processing k=20 [0, 1, 0, 0, 0, 0, 0, 0, 0, 0, 0, 0, 0] t=15h 40m 0.250553709s
processing k=20 [0, 1, 0, 0, 0, 0, 0, 0, 0, 0, 0, 0, 0, 0, 0] t=15h 50m 0.251218375s
processing k=20 [0, 1, 0, 0, 0, 0, 0, 0, 0, 0, 0, 0, 0, 0] t=16h 0m 0.251728084s
processing k=20 [0, 1, 0, 0, 0, 0, 0, 0, 0, 0, 0, 0, 0, 0] t=16h 10m 0.252357s
processing k=20 [0, 1, 0, 0, 0, 0, 0, 0, 0, 0, 0, 0, 0, 0, 0] t=16h 20m 0.252823334s
processing k=20 [0, 1, 0, 0, 0, 0, 0, 0, 0, 0, 0, 0, 0, 0] t=16h 30m 0.253269292s
processing k=20 [0, 1, 0, 0, 0, 0, 0, 0, 0, 0, 0, 0, 0, 0, 0] t=16h 40m 0.253739917s
processing k=20 [0, 1, 0, 0, 0, 0, 0, 0, 0, 0, 0, 0, 0, 0] t=16h 50m 0.254266792s
processing k=20 [0, 1, 0, 0, 0, 0, 0, 0, 0, 0, 0, 0] t=17h 0m 0.254753500s
processing k=20 [0, 1, 0, 0, 0, 0, 0, 0, 0, 0, 0, 0, 0] t=17h 10m 0.255486209s
processing k=20 [0, 1, 0, 0, 0, 0, 0, 0, 0, 0, 0, 0, 0] t=17h 20m 0.255988709s
processing k=20 [0, 1, 0, 0, 0, 0, 0, 0, 0, 0, 0, 0, 0, 0] t=17h 30m 0.256544625s
processing k=20 [0, 1, 0, 0, 0, 0, 0, 0, 0, 0, 0, 0, 0, 0] t=17h 40m 0.256998625s
processing k=20 [0, 1, 0, 0, 0, 0, 0, 0, 0, 0, 0, 0, 0] t=17h 50m 0.257542417s
processing k=20 [0, 1, 0, 0, 0, 0, 0, 0, 0, 0, 0, 0, 0] t=18h 0m 0.258123875s
processing k=20 [0, 1, 0, 0, 0, 0, 0, 0, 0, 0, 0, 0] t=18h 10m 0.258618542s
processing k=20 [0, 1, 0, 0, 0, 0, 0, 0, 0, 0, 0, 0, 0, 0, 0] t=18h 20m 0.259573167s
processing k=20 [0, 1, 0, 0, 0, 0, 0, 0, 0, 0, 0, 0, 0, 0, 0, 0] t=18h 30m 0.260857084s
processing k=20 [0, 1, 0, 0, 0, 0, 0, 0, 0, 0, 0, 0, 0] t=18h 40m 0.261369250s
processing k=20 [0, 1, 0, 0, 0, 0, 0, 0, 0, 0, 0, 0, 0, 0] t=18h 50m 0.261849084s
processing k=20 [0, 1, 0, 0, 0, 0, 0, 0, 0, 0, 0, 0, 0, 0, 0] t=19h 0m 0.262410750s
processing k=20 [0, 1, 0, 0, 0, 0, 0, 0, 0, 0, 0, 0, 0] t=19h 10m 0.263031917s
processing k=20 [0, 1, 0, 0, 0, 0, 0, 0, 0, 0, 0, 0, 0] t=19h 20m 0.265424417s
processing k=20 [0, 1, 0, 0, 0, 0, 0, 0, 0, 0, 0, 0, 0, 0] t=19h 30m 0.269610667s
processing k=20 [0, 1, 0, 0, 0, 0, 0, 0, 0, 0, 0, 0, 0, 0, 0] t=19h 40m 0.271089959s
processing k=20 [0, 1, 0, 0, 0, 0, 0, 0, 0, 0, 0, 0, 0, 0, 0] t=19h 50m 0.271641834s
processing k=20 [0, 1, 0, 0, 0, 0, 0, 0, 0, 0, 0, 0, 0, 0] t=20h 0m 0.272126250s
processing k=20 [0, 1, 0, 0, 0, 0, 0, 0, 0, 0, 0, 0, 0, 0] t=20h 10m 0.272975875s
processing k=20 [0, 1, 0, 0, 0, 0, 0, 0, 0, 0, 0, 0, 0] t=20h 20m 0.274239500s
processing k=20 [0, 1, 0, 0, 0, 0, 0, 0, 0, 0, 0, 0, 0, 0, 0] t=20h 30m 0.275054917s
processing k=20 [0, 1, 0, 0, 0, 0, 0, 0, 0, 0, 0, 0, 0] t=20h 40m 0.276096542s
processing k=20 [0, 1, 0, 0, 0, 0, 0, 0, 0, 0, 0, 0, 0, 0] t=20h 50m 0.276584250s
processing k=20 [0, 1, 0, 0, 0, 0, 0, 0, 0, 0, 0, 0, 0, 0, 0] t=21h 0m 0.277132084s
processing k=20 [0, 1, 0, 0, 0, 0, 0, 0, 0, 0, 0, 0, 0, 0] t=21h 10m 0.277655417s
processing k=20 [0, 1, 0, 0, 0, 0, 0, 0, 0, 0, 0, 0, 0, 0, 0, 0] t=21h 20m 0.278227084s
processing k=20 [0, 1, 0, 0, 0, 0, 0, 0, 0, 0, 0, 0, 0] t=21h 30m 0.279698792s
processing k=20 [0, 1, 0, 0, 0, 0, 0, 0, 0, 0, 0, 0, 0, 0, 0] t=21h 40m 0.281063834s
processing k=20 [0, 1, 0, 0, 0, 0, 0, 0, 0, 0, 0, 0, 0, 0, 0] t=21h 50m 0.283960542s
processing k=20 [0, 1, 0, 0, 0, 0, 0, 0, 0, 0, 0, 0, 0] t=22h 0m 0.286226584s
processing k=20 [0, 1, 0, 0, 0, 0, 0, 0, 0, 0, 0, 0] t=22h 10m 0.286783959s
processing k=20 [0, 1, 0, 0, 0, 0, 0, 0, 0, 0, 0, 0, 0, 0] t=22h 20m 0.287968250s
processing k=20 [0, 1, 0, 0, 0, 0, 0, 0, 0, 0, 0, 0] t=22h 30m 0.289456459s
processing k=20 [0, 1, 0, 0, 0, 0, 0, 0, 0, 0, 0, 0, 0, 0] t=22h 40m 0.289972792s
processing k=20 [0, 1, 0, 0, 0, 0, 0, 0, 0, 0, 0, 0, 0, 0] t=22h 50m 0.290558959s
processing k=20 [0, 1, 0, 0, 0, 0, 0, 0, 0, 0, 0, 0, 0, 0] t=23h 0m 0.291234542s
processing k=20 [0, 1, 0, 0, 0, 0, 0, 0, 0, 0, 0, 0, 0, 0, 0] t=23h 10m 0.291745209s
processing k=20 [0, 1, 0, 0, 0, 0, 0, 0, 0, 0, 0, 0, 0] t=23h 20m 0.292263709s
